492
109
165
328
241
135
277
498
281
155
117
78
126
224
424
496
203
253
268
68
236
188
291
294
350
7
494
349
418
299
231
232
242
205
232
369
348
37
275
94
162
499
310
33
327
484
470
32
96
83
268
133
410
60
210
475
121
284
278
249
19
19
99
386
404
238
21
81
65
235
397
85
119
78
461
28
325
455
447
125
71
237
366
273
432
253
103
51
198
358
115
476
365
51
181
60
150
198
210
326
200
35
240
164
190
299
347
431
388
27
166
283
276
134
27
28
324
271
265
403
170
438
418
188
498
54
222
332
33
287
151
237
140
195
54
233
398
477
159
439
271
164
117
340
153
322
95
213
146
19
247
339
47
439
414
226
282
269
427
106
248
63
153
10
1
58
424
82
263
283
228
423
459
349
194
131
136
414
270
71
391
209
100
231
275
276
497
327
271
273
330
7
363
467
35
206
44
265
70
230
375
349
183
331
434
25
424
416
153
343
463
330
100
330
238
119
62
480
481
135
69
91
199
352
248
498
400
122
277
499
341
382
184
54
384
200
73
201
58
96
26
358
393
314
243
444
69
418
417
19
403
13
454
355
33
299
343
300
494
188
69
472
175
91
268
256
298
51
131
7
495
272
105
358
460
270
421
286
366
156
412
408
54
498
428
426
64
425
97
424
241
434
23
50
7
172
100
375
179
164
396
18
473
106
243
407
49
387
80
105
396
480
14
31
394
226
387
355
193
92
389
55
270
80
33
198
345
447
270
183
154
454
65
139
301
222
227
71
474
310
40
488
111
225
402
413
450
128
2
20
214
395
418
126
397
23
122
210
487
323
193
275
45
467
260
180
226
320
143
376
256
275
10
91
240
370
339
244
222
372
493
154
455
477
338
136
348
482
442
243
67
381
417
140
175
212
375
305
281
165
46
59
271
211
467
433
109
461
3
420
382
134
94
362
452
141
310
307
265
220
144
273
500
367
5
323
145
161
221
373
242
310
84
299
48
330
47
495
6
392
1
402
266
206
8
406
317
286
380
93
435
207
19
238
384
441
412
186
59
334
369
128
483
454
173
86
152
320
84
19
388
189
469
488
383
138
133
107
138
92
395
420
104
249
139
62
491
47
364
341
413
278
191
343
215
296
147
453
470
114
